bbbbbbbbbbbbbbbbbbbbbbbbbbbbbbbbbbbbbbbbbbbbbbbbbbb
bbbbbbbbbbbbbbbbbbbbbbbbbbbbbbbbbbbbbbbbbbbbbbbbbbb
333333333333333333333333333333333333333333333333333
333333333333333333333333333333333333333333333333333
333333333333333333333333333333333333333333333333333
333333333333333333333333333333333333333333333333333
333333333333333333333333333333333333333333333333333
333333333333333333333333333333333333333333333333333
333333333333333333333333333333333333333333333333333
333333333333333333333333333333333333333333333333333
333333333333333333333333333333333333333333333333333
333333333333333333333333333333333333333333333333333
333333333333333333333333333333333333333333333333333
333333333333333333333333333333333333333333333333333
333333333333333333333333333333333333333333333333333
333333333333333333333333333333333333333333333333333
bbbbbbbbbbbbbbbbbbbbbbbbbbbbbbbbbbbbbbbbbbbbbbbbbbb
b1bbbbbbbbbbbbbbbbbbbbbbbbbbbbbbbbbbbbbbbbbbbbbbbbb
bbbbbbbbbbbbbbbbbbbbbbbbbbbbbbbbbbbbbbbbbbbbbbbbbbb